+----+------------------------------+---------------------------+----------------+-------------------+--------------------------+---------------+------------------+--------------+--------------+-----------------+------------------+----------------+-----------------+
|    | model                        |   train_balanced_accuracy |   train_recall |   train_precision |   test_balanced_accuracy |   test_recall |   test_precision |     fit_time |   score_time |   train_roc_auc |   train_log_loss |   test_roc_auc |   test_log_loss |
|----+------------------------------+---------------------------+----------------+-------------------+--------------------------+---------------+------------------+--------------+--------------+-----------------+------------------+----------------+-----------------|
|  0 | MajorityClassBaseline        |                  0.2      |       0.543348 |          0.295227 |                 0.2      |      0.543348 |         0.295227 |  0.000528415 |  0.000910441 |      nan        |    nan           |     nan        |      nan        |
|  1 | Kmeans                       |                  0.2      |       0.543348 |          0.295227 |                 0.2      |      0.543348 |         0.295227 |  4.76246     |  0.00262364  |      nan        |    nan           |     nan        |      nan        |
|  2 | GaussianMixture_diag         |                  0.387427 |       0.706129 |          0.666631 |                 0.387167 |      0.70578  |         0.666225 | 31.0708      |  0.00232116  |      nan        |    nan           |     nan        |      nan        |
|  3 | BayesianGaussianMixture_diag |                  0.392784 |       0.705954 |          0.671788 |                 0.383972 |      0.704872 |         0.667802 | 70.3399      |  0.00270263  |      nan        |    nan           |     nan        |      nan        |
|  4 | RandomForest                 |                  0.919769 |       0.964331 |          0.964497 |                 0.660217 |      0.817744 |         0.816926 |  0.541873    |  0.0103214   |        0.997552 |      0.182522    |       0.946936 |        0.977747 |
|  5 | SupportVectorMachine         |                  0.976437 |       0.965751 |          0.968387 |                 0.376425 |      0.639448 |         0.613807 | 58.9057      |  2.68592     |        0.993461 |      0.201904    |       0.72134  |        1.00364  |
|  6 | KNearestNeighbours           |                  1        |       1        |          1        |                 0.426353 |      0.659712 |         0.642979 |  0.00385014  |  0.526912    |        1        |      2.80303e-10 |       0.813363 |        3.063    |
|  7 | AdaBoost                     |                  0.668193 |       0.659916 |          0.750903 |                 0.607802 |      0.637977 |         0.72512  | 10.3544      |  5.21505     |        0.84547  |      1.2384      |       0.823153 |        1.24861  |
+----+------------------------------+---------------------------+----------------+-------------------+--------------------------+---------------+------------------+--------------+--------------+-----------------+------------------+----------------+-----------------+