+----+------------------------------+-----------------+-------------+--------------+----------------+------------+-------------+---------------+--------------+-------------+---------------+------------+------------+
|    | model                        |   train_bal_acc |   train_rec |   train_prec |   test_bal_acc |   test_rec |   test_prec |      fit_time |   score_time |   train_roc |      train_ll |   test_roc |    test_ll |
|----+------------------------------+-----------------+-------------+--------------+----------------+------------+-------------+---------------+--------------+-------------+---------------+------------+------------|
|  0 | MajorityClassBaseline        |        0.166667 |    0.38821  |     0.150707 |       0.166667 |   0.38821  |    0.150707 |   0.000671029 |  0.000759244 |  nan        | nan           | nan        | nan        |
|  1 | Kmeans                       |        0.166667 |    0.38821  |     0.150707 |       0.166667 |   0.38821  |    0.150707 |   4.36518     |  0.00274307  |  nan        | nan           | nan        | nan        |
|  2 | GaussianMixture_diag         |        0.332614 |    0.627381 |     0.575484 |       0.332675 |   0.626608 |    0.568437 |  68.6606      |  0.00261229  |  nan        | nan           | nan        | nan        |
|  3 | BayesianGaussianMixture_diag |        0.332614 |    0.627381 |     0.575484 |       0.332675 |   0.626608 |    0.568437 |  68.2721      |  0.00261772  |  nan        | nan           | nan        | nan        |
|  4 | LabelSpreading_1000          |        0.474265 |    0.716954 |     0.682866 |       0.402792 |   0.647189 |    0.609913 |   5.13535     |  1.64945     |    0.936223 |   0.56123     |   0.87684  |   0.991654 |
|  5 | SelfTraining_1000            |        0.857143 |    0.956524 |     0.915051 |       0.391742 |   0.655711 |    0.621008 |   0.388663    |  1.01321     |    1        |   4.65399e-07 |   0.881034 |   1.42338  |
|  6 | RandomForest                 |        0.912248 |    0.956169 |     0.956598 |       0.616068 |   0.775828 |    0.771061 |   0.994184    |  0.0100498   |    0.997191 |   0.226477    |   0.936971 |   1.27617  |
|  7 | SupportVectorMachine         |        0.908321 |    0.848295 |     0.857495 |       0.365692 |   0.570474 |    0.618549 | 186.364       |  4.98594     |    0.98067  |   0.389476    |   0.815836 |   1.08653  |
|  8 | KNearestNeighbours           |        1        |    1        |     1        |       0.457533 |   0.685742 |    0.679027 |   0.00338691  |  0.975675    |    1        |   3.52401e-10 |   0.881336 |   1.40769  |
|  9 | AdaBoost                     |        0.587697 |    0.513825 |     0.695508 |       0.57889  |   0.509886 |    0.691587 |  21.8701      |  6.12875     |    0.805208 |   1.57423     |   0.803904 |   1.57507  |
+----+------------------------------+-----------------+-------------+--------------+----------------+------------+-------------+---------------+--------------+-------------+---------------+------------+------------+