+----+-----------+-----------------+-------------------+
|    |   Ranking | Feature         |   Tree-Importance |
|----+-----------+-----------------+-------------------|
|  0 |         1 | pos_rel         |       0.109163    |
|  1 |         2 | dist_ground     |       0.103882    |
|  2 |         3 | distance        |       0.0597399   |
|  3 |         4 | min_force_4     |       0.0525128   |
|  4 |         5 | min_force_12    |       0.051741    |
|  5 |         6 | L_12            |       0.0515882   |
|  6 |         7 | L_4             |       0.0497523   |
|  7 |         8 | max_force_12    |       0.0433549   |
|  8 |         9 | max_force_4     |       0.0422863   |
|  9 |        10 | min_force       |       0.0420052   |
| 10 |        11 | var_force_4     |       0.0415803   |
| 11 |        12 | median_force_12 |       0.0413801   |
| 12 |        13 | var_force_12    |       0.040765    |
| 13 |        14 | mean_force_12   |       0.0376939   |
| 14 |        15 | median_force_4  |       0.0368005   |
| 15 |        16 | mean_force_4    |       0.0362838   |
| 16 |        17 | mean_force      |       0.0346389   |
| 17 |        18 | max_force       |       0.033028    |
| 18 |        19 | var_force       |       0.0292089   |
| 19 |        20 | delta_12        |       0.0245557   |
| 20 |        21 | gradient        |       0.0215218   |
| 21 |        22 | delta_4         |       0.0164216   |
| 22 |        23 | lambda_12       |       5.88791e-05 |
| 23 |        24 | lambda_4        |       3.74721e-05 |
+----+-----------+-----------------+-------------------+