+----------+----------+----------+----------+----------+----------+--------+---------------------------------+
|       dh |     dhid |     mfdh |     rgwp |     dhwp |       pp |   rare | model                           |
|----------+----------+----------+----------+----------+----------+--------+---------------------------------|
| 0        | 0        | 0        | 1        | 0        | 0        |    0   | Majority Vote                   |
| 0.397936 | 0.59988  | 0.669145 | 0.793427 | 0.616667 | 0        |    0   | K-means                         |
| 0.584862 | 0.633574 | 0.453532 | 0.871434 | 0        | 0        |    0   | Gaussian Mixture Model          |
| 0.564794 | 0.578821 | 0.457249 | 0.870711 | 0.2      | 0        |    0   | Bayesian Gaussian Mixture Model |
| 0.764908 | 0.616727 | 0.550186 | 0.812929 | 0.566667 | 0.858491 |    0   | Random Forest                   |
| 0.649656 | 0.535499 | 0.817844 | 0.839653 | 0.488889 | 0.971698 |    0.4 | Balanced Random Forest          |
| 0.696674 | 0.507822 | 0.832714 | 0.85121  | 0.487037 | 0.915094 |    0.3 | Support Vector Machine          |
| 0.750573 | 0.584838 | 0.490706 | 0.83532  | 0.487037 | 0.603774 |    0   | K-nearest Neighbors             |
| 0.728784 | 0.407341 | 0.713755 | 0.661611 | 0.624074 | 0.603774 |    0.4 | Easy Ensemble                   |
| 0.618693 | 0.550542 | 0.814126 | 0.840376 | 0.488889 | 0.971698 |    0.4 | Self Trainer                    |
| 0.748853 | 0.591456 | 0.490706 | 0.837125 | 0.492593 | 0.603774 |    0   | Label Propagation               |
| 0.71445  | 0.638387 | 0.579926 | 0.929939 | 0.431481 | 0.792453 |    0   | LSTM                            |
| 0.823968 | 0.581829 | 0.438662 | 0.83532  | 0.572222 | 0.773585 |    0   | BLSTM                           |
| 0.887041 | 0.618532 | 0.535316 | 0.906103 | 0.509259 | 0.330189 |    0   | Encoder Decoder                 |
+----------+----------+----------+----------+----------+----------+--------+---------------------------------+