+----+---------------------------------+--------------------------+--------------------------+---------------+------------------+-----------+-----------------+-------------------+----------------+-----------------+
|    | model                           |   eval_balanced_accuracy |   eval_absolute_accuracy |   eval_recall |   eval_precision |   eval_f1 |   eval_fit_time |   eval_score_time |   eval_roc_auc |   eval_log_loss |
|----+---------------------------------+--------------------------+--------------------------+---------------+------------------+-----------+-----------------+-------------------+----------------+-----------------|
|  0 | Majority Vote                   |                 0.142857 |                 0.39     |      0.39     |         0.1521   |  0.218849 |      0.00129557 |       8.29697e-05 |     nan        |      nan        |
|  1 | K-means                         |                 0.439579 |                 0.619859 |      0.619859 |         0.60851  |  0.611742 |    384.66       |       0.0102825   |     nan        |      nan        |
|  2 | Gaussian Mixture Model          |                 0.363343 |                 0.649014 |      0.649014 |         0.586401 |  0.611901 |    151.35       |       0.00830531  |     nan        |      nan        |
|  3 | Bayesian Gaussian Mixture Model |                 0.381654 |                 0.646338 |      0.646338 |         0.625593 |  0.625177 |    224.818      |       0.00920844  |     nan        |      nan        |
|  4 | Random Forest                   |                 0.595701 |                 0.726056 |      0.726056 |         0.731343 |  0.726    |     72.178      |       0.964865    |       0.927289 |        0.704341 |
|  5 | Balanced Random Forest          |                 0.671891 |                 0.695634 |      0.695634 |         0.741322 |  0.712355 |      9.98409    |       0.579447    |       0.919356 |        0.836201 |
|  6 | Support Vector Machine          |                 0.655793 |                 0.704648 |      0.704648 |         0.731175 |  0.709878 |     18.6282     |       7.45088     |       0.933724 |        0.668156 |
|  7 | K-nearest Neighbors             |                 0.536035 |                 0.71169  |      0.71169  |         0.714271 |  0.70934  |      0.00609803 |       1.8366      |       0.890893 |        3.58416  |
|  8 | Easy Ensemble                   |                 0.591334 |                 0.616479 |      0.616479 |         0.70043  |  0.638711 |     46.1085     |      42.4935      |       0.87804  |        1.65564  |
|  9 | Self Trainer                    |                 0.669189 |                 0.69169  |      0.69169  |         0.735661 |  0.707736 |     19.3318     |       0.292393    |       0.917823 |        0.839508 |
| 10 | Label Propagation               |                 0.537787 |                 0.713944 |      0.713944 |         0.716812 |  0.711348 |     10.4552     |       3.35165     |       0.916259 |        1.49859  |
| 11 | LSTM                            |                 0.583805 |                 0.754225 |      0.754225 |         0.751152 |  0.746264 |    394.053      |       2.29856     |       0.944462 |        0.633408 |
| 12 | BLSTM                           |                 0.575084 |                 0.736056 |      0.736056 |         0.741771 |  0.73402  |    974.885      |       3.41029     |       0.927233 |        0.793461 |
| 13 | Encoder Decoder                 |                 0.54092  |                 0.78     |      0.78     |         0.780318 |  0.774056 |   2911.25       |       5.75467     |       0.942826 |        0.642206 |
+----+---------------------------------+--------------------------+--------------------------+---------------+------------------+-----------+-----------------+-------------------+----------------+-----------------+